{'epr': array(2.6),
 'epr2': array(-0.026),
 'epsr': (2.6-0.026j),
 'fGHz': 4,
 'index': 11,
 'mur': 1,
 'n': (1.6124717046742498-0.0080621569744854828j),
 'name': 'wall2',
 'roughness': 0,
 'sigma': 0.0057777777777777775}