TUsignal
--------
shx :  (343,)
shy :  (343,)
dx :   0.01
xmin : -1.71
xmax : 1.71
ymin : -1.89545539648
ymax : 2.16154131873
