freq :2.0 9.9 80
shape  :(95, 80)
tau :26.7186992365 52.3652657556
dist :8.01560977094 15.7095797267
